32 50
01010111001010010101010111011111
01101100110001000000110100010001
00010011011011001110000001011010
00111011010110011100011101001100
01000011110111100000100011101000
00010110010100110100010001110011
00110001010101001100110000101100
10001010110000101110111000111001
11110001011111101010011011010100
00110010101110100110001110111100
01001101000000011100100010001101
00011110111000000110000100100110
00100010111010110000111011111101
11111011000111111110010100101001
01011010101001101110100101001011
00110001100100011001000010100110
11101100111000100110010110101110
01110100111100010110000010001000
00111010000100100101011110011010
00101000001001000100100001111010
10111111100011011111010111001101
00101011011010111000011010011101
00110111011001010100110000001000
00001110010010101100100011010100
10000011111011101101110111111001
11000001001010111011011010101011
01101011111100010010100100101011
10100110111000111101010111100011
10001100101011000111100100111111
10100101010000101001101111000001
01000001101000110110101001001101
01010000111001001001000111001100
00011010100111101111001011110001
01101001001101110101010101110000
00111100001011111100000100110110
11010011010100101111110110011011
11110010101110001111111100101111
11110000000000110000010000110111
10110010100101101001101010011101
01011011000001010100111011100110
00100011100111111011111110101110
01011100001111110100110100100001
00110110000100110100010000111100
11000100000111000001010110001010
10000110011101010010000010000010
01001001001100111010001010000011
10110100000000010010001101001101
10111100100111010001010101110111
10100100010000011100001010000111
00011111100100101101000000011101
