256 50
1001010111001011011001001011000000100011110000111010011100010010011010101000000111011000011101000110111100100110111111111000100001110010101010000011000011110011110000100010110000110101111111001101100110111101100110011110011000100100101010011011000101011101
1111101100001001001010000101111001100010111000110010011011000000100000011100010000000000011110110011010000010011001101000101010001101010100000111110010010000111111001101100110011111111100101110000110010010000011001011011100100001101100000001010101010011011
0000101100000001100001111010101111101001110100001010101010010001000101001000001101111100111011100011011110010111010111110010010010001011100100110001111001101000110000111000011100110100100010010111001001000011101111101111100111000011000001010100101100100101
0111111010101111111100111001100001001101000011111110111011101101001110101010110100000000110110010000111000111101001100000111110001001110101000001100010011010111100100011111010110111011001100100100011010000010001001000000011010011100000011110100111010011100
0011110011110111010000111000101000110001011010110001000110101000111100000110010000100101101010001100000001101101001011100011101100010010101001111111011001001111110101011111110100010111110101000100010011000100110101111000111111011101000000110100001010000010
0011110111111001110100101110011000001010111100110001001100100101101110010110000011111011110101101110010101000010010111110000000100100101101100100000011100010000010011101100001000101101101001001111101010001011111111111111001110010010000110000000010110100010
0001100010000001110111101101100001001111011111101010001010101100110110010011111111000110010100010001100011010101001000000000000001010110011010111000101111100011101111011101101000000001011111110110010101011010101111010110000111010111010010001110001110011110
0000100001111110001010110111000111000101100000101101110100111011101001110110011100100011010111011000010010000010010011010110100100111010100100011001110001010101100010111000111011110101010101000110101011011111010000011110110001000000010110000111010000011101
1010110101001111001000110101100011100110000000010101011011010000110001010100011001000110011001111111100010000110011011110010011110000001110100011000111000000000001100011011101101011000010000100110001100101101110111100111011111101100110110100111111111100011
0001001000000111111110011010101011111101000101000000110011011000001100001000011111001001010101010101100000101101000101011000100010100000011101001111100111001101111111100100000101110000001010110100101011100000000000101010111011010010100110100101110101111110
1000011111100110000010010110101010011010011100100000010100010000111010111111111101100101111011110000011010101010100001101110111010101111111101001001011101011001001000010000000010010001011110111011001111011011011100101111100100100000001100010111001110101110
0101010100110001111010010101000001010000000011000011000001110101010101001100110011110001101011110101001011101001001101111011100101001001100000110100111010000110101011111010000010111011010100000011010111100000011001110111101000110010011110110111111110001001
1100011011110101010101011111100101001100010100011011110011000010111001100011110110011101100101101101000010111010100111101101110100101010010101100011111010001010011110100111001111101111110111111000100000100110010010101101010100111111001001010110001110000010
0000011010101110011111111011011101110001101110010111101110011101011101101010010111011010110101011110111010101011001011100101010110111111001100110111111001110000001011110110010000010011101010100110110101101101100010010100101010010011010010001110101100010110
0110001101010010001010010001011011111010101101101011011001011110010000010101011101011111001110111110001001010110001001110110110101111001100000001010010000100010100111010000111101001010001011110101011001111111010001011101000001111010110011101101010100110001
0101010100000101011111110001111010111100101011101111011101100011001010101110110010100011001000101101011101101100010001001100100100100110001011000010100001000001001010101000101100100111001111110001011101100010111011100001111010101000010111111100000000101101
0101101001110011010101101000000000110101011100111000111011101011111000010100100101100000100011111111110101111001101100110111111111110011010110001010100101000000100101111100101100010110001110110001100101111000100110001100110100001000011100000001001111001111
0011110110111000100110101000000101100101011010110100010011111011011011001000111101010011000110000101101010110000101111010010011100101110001110100011101101011110001011111101011110000010100010111111001101101000000110001101110010110100000001110001100110001111
1001000000110101000111011111101111100111111011101001110010000001001111111110011101111011000011001010001011011111101001100101100100100111101010010110011100010101110011111111000000110111110011001110011011011110000001010000100001100101110111010111011110000001
0100111100111010100110001111110111011110111110000010011000010101110011100100011000000111111111100001010110010110000011101011101000111000010101110110100101011001100110000011000010111010010011111000001100001011101011111001001101111000000111000111011111000010
1101111010011101000001110110100001011110100001001111111100101010010100101111100000100000011001010100010010010010010111001011001010100001001010011000100110101100000101011111101001101101011000101110101110001101001111010000110000011001010101010001001010111011
1011000111001001100110010101101100001101100100011010101111000111100000001100011100111000001100000011000111000110100110010111000111001111001001011010011000011100101011100011110101111000101100011001100000111101000101110111111011101100101000111101010011010010
1110000001010000000001110111010110110010110010010111101000100100111110111011001010101011010010001100111010111011101001110000110011101010111110011100001101101111001101000010100101000100000001111110000000011000000000011101111111101101001000000101001010101010
0000011111111110111110110001100010001001110101000100011010101010011100011101000000000101011001001000111001001011000001100011110001101101011001100011001111010101100111100111110111001000111010100011101110000001010010010100000110011111001111110111011110001001
1001111110110001100101001110011000101110111111101001110000010000011100111110111101000001110111110011110101110110010100100001011000100011011011000001110010001011010000111001101010000010100111101011001010010000000100101100010110010110111110111000110110010110
1001100000110100100011111101110101010110100110011001101110101101010000011110101010011010000110000000001101000010100010110010101011000111011001100101100000000111001001111001000001100101001010100011101110101000001111011101111001001000110100000111001000011110
0101000010011100010111111001100111010010010010110011101000101101110101001101000101000101100100100101100100100110110101010101110101101000011011001000100010011110000111010100111111101111001111011110111110010011010000111100010111101011101011000000000001010110
0001011011010000111100011100010010010001000101111010001111001100110010111000010100100100100001110110110101000001001000111000001111111111101011101101101101010011000100010101101110101100011010011010010011111010111001110000000111101011101000010111011111100111
0100011001110010110011001011100001010110010101111000100011101111000100011100110100111001000100100110010010000101000110011100010101001010000101011010001010111010010110110110111101101110110001111110101100011011101110100100111011101010000110100010000110000000
1100000001100110001001011101101111000011001010001101110001111000110011111000111111011111000001110110000100110101100101100100010111011001001101111010111100111100111011001000000011011001001001101000001001001101010100101110000001110110101100111100010110110001
0010000100011010000110001110110100111011000100001001100110000010011100100010110110110110110001110000111011101011001011010101111000010001010110011011011111110100110000000110111110100100110100100111100000000100010100110000001000011101110010100101001000001011
1011011111101000000110000010110100000010110011110111111001011001100110100101110100100101100101111101000011000001111001101011010000011101011100000100010100110010001101101000000000010111111001000111001110001001101100010101101010110011010110111101100101101000
0011101101100011000001100100001100100100111001001111100101010010100100110001100000000011101001100110111100101110000111110111110010010010010100101001111010000001000011111111111000101010000010010101100110111101100110110001010110101101110010001011110010101101
0010000011111111001010000101011111011101010101111000101110100111100101011110000000100000110111101011010001010010011010110110011011010100101100101101010110100010101010011111010000010111100101101110101101001111011110101111011011001110110111010100001101010011
1010101111000011111000100011001111110001000010101000111011110101000001011010101010110110110111111100010001000000111111111011110011101000010001000100101111011011001001011101110000101100101011000101011101100000101011111010111100001100000001011100110010011110
1100010111100110010101001110100101010101101011100110100101101100000100001010000101101000010001001011111010100111001110111111000101000001000110010000111110011111000111010101100101101001000110001011000110111110001101100000001001100101011001000111110010010111
1000011011110001010111101011010101110100101011011100110010111000010010010000000110010101111100010001101010110011010100000111000111100011101101010011101001100111100101111011010010001001011101111011001101100101101011110100011110111100110101111011010000101100
0010001100101100010011111000101110000011001001110100010101010101101100100100101010100100001011110111101100000110001100111011110001111100011010111111001101101010110110101111011001011000011010010001011100101110000011110110001110011000111010000011000100010100
1010000010101011110011000010011101000011000111001011000011111000111101011101101011000110001010000111010000111010100100101011100011000100001010000101111100110000011111010110000110101110101101100000000000110001001111101110110000110000011001010000011101010011
1010110101100000000000100010010001100110010001000010101011101011110111110100011000110111010010010100110111011011000110100110110101111111101111101011001001110011101110001100010111110100100101000110010011111100110110110101010111010000110010110111111001011000
1010001010101001111111000111001101011010110001100101011111011100001011100010110000010000011011011110110100011100111010011111100110001111111001000100010010001010010010100011010000111001010000000101100010101110010000000100110100011011001001101000111001101010
0010010000010101010111101110000011111110101010001001010100101010111101111000111011010000101000110110111010000100001010100000000000000001101001101010001001000101010101100010111010110110010110111110111111101001000001000101110100001110110100010100111110111111
1000110000110001101011001001011010010111100101010001111011111111011000001010011101001000110001101001111101110001100110101101001110001010010011000010100100001101110010111010110101100011111001100010111011000110101011000010111000011010110001010011011110111000
0011001010111001101100110111110000100111010001111011010110001011010100110100111111110000101010100101001001101010010101001010100000011001111010001110000011100010001101100000111001110111111111100101111000011111111101101000010111111111011010101101111100100001
1000000100110011111100101010010110011110111111011010001111010011001110101101110001001100101001101110111000001001000101110001001101111111000111111111101111110011100000111001010000010100100011001001110111001010100101001010000110001101111000111111001010000011
1100001001111001000010101100010000111110010110110110100110100101011011100010100100001110100111101101010100000011010001011011101001110100111001011111110011110110011011011010000110111010111100011011111001110110100001110001111001010111010011111011001101110010
1011011111011011110010010010110001101010110101011110000010001011111100001110000001001101101000111010010011011111110101100100011101000000011001111111110111001000101000011110101110010100001101110111001110101101011000110110100010000100000110111001101001001110
1101001101011100101001011000010010011011100110010010101101100010110011111111110101110010001111100010101111010000101000010110001001000010110000011001001000001111010010011101010011011001111001110110111000110100100000000010110110011111011110101001111101100111
1010011001110111110000110100001011111111111000011010100011101010000011001010001011001010011101001101010101001100101110001011101110111010101100010101111100110001011100001000100000111011111100100001000001010100101010101101111000010011010001101100011100000111
1000110110001110111110010000101011100101000010000001100010000101010011011100010101000100010000111001110100010001011111011111111100111111010010010100100100111000100101001001111110110000011110101101110101011000000101100100111001101101001000110110010101100100
