64 50
0011111001110111000100101011011100010000111001110100111001001111
0111111110010111111001110001101000000110001011101100010111110111
1011101000010111110000110110000100110110110111100100010001010001
1001101000001010001010010000100011110110010111000111010111011110
1000011000001011100110110000010110000011011101101101100010011001
0011110100110111001011101111100111101001000001001000001010101111
1011000110001110001000010101011001100001011100110110010110010001
1000101010111100000111110100100000000111000001100110000001101110
1111011001000100110000110001001101111100110010110010001000100010
1001110111101111010000001100001100001111011010000001001111110000
0100100111000101101110110100010001001110010101001100110001000101
0010111010011100001111000010111010000001110110101110111100110111
1111110000100111010000000111110111110001100111100010101100110011
0111010100111011000011111111110011110111100110001101100001010110
0100011100010000101110111100010100101110000001000110100010001100
0000000111101111111111011100001110000001100100000101110011000110
0110001100011100000010110110111101011111101010001000000010010011
0010100101011010000010111100101011011011111111100000011110110110
1010011110110000010110110001001110101000110101010000111000010001
0011010001100010011001010110011110101101100100100011110010011111
1011000010111011000010101010011111111001011011010010110100101011
1101000010100001011110000001111111010010111100011000101001110100
0110111010000101101100111001111010011100011011110000110111111101
1111001011100010111111100001001010001001111010000000000011000111
0011110100111001110000000010011011100011100010110101001000001010
0101011100101001010101011101111101101100110001000000110100010001
0001001101101100111000000101101000111011010110011100011101001100
0100001111011110000010001110100000010110010100110100010001110011
0011000101010100110011000010110010001010110000101110111000111001
1111000101111110101001101101010000110010101110100110001110111100
0100110100000001110010001000110100011110111000000110000100100110
0010001011101011000011101111110111111011000111111110010100101001
0101101010100110111010010100101100110001100100011001000010100110
1110110011100010011001011010111001110100111100010110000010001000
0011101000010010010101111001101000101000001001000100100001111010
1011111110001101111101011100110100101011011010111000011010011101
0011011101100101010011000000100000001110010010101100100011010100
1000001111101110110111011111100111000001001010111011011010101011
0110101111110001001010010010101110100110111000111101010111100011
1000110010101100011110010011111110100101010000101001101111000001
0100000110100011011010100100110101010000111001001001000111001100
0001101010011110111100101111000101101001001101110101010101110000
0011110000101111110000010011011011010011010100101111110110011011
1111001010111000111111110010111111110000000000110000010000110111
1011001010010110100110101001110101011011000001010100111011100110
0010001110011111101111111010111001011100001111110100110100100001
0011011000010011010001000011110011000100000111000001010110001010
1000011001110101001000001000001001001001001100111010001010000011
1011010000000001001000110100110110111100100111010001010101110111
1010010001000001110000101000011100011111100100101101000000011101
