64 50
0100010110000110110000100000100011110100000101011010110010011011
1110111110001100001000100000111010101000000011101101100110111011
1101111111001100100000001011100001011101001011110101111110011100
0100100101101100111011110100001110110000000100000000010010001110
0011011110000110001100000000101110110011010101011010010001101001
0001011001110000001000111011111101110101010011000001001001001001
1010010010111111100111011100000001111000110001101000100101000000
0101001101001010000011110011001100010110111101111001101011010001
1011011110111011000110001110100000011011100110110000001100010010
0100101111011010010001001100010110010000011001000110111110011110
1111000001100101000010011111000100101110000100101000000001100101
1011101000111101010000001011100101111101000100000000100111110011
0001110000000100011011011110101110101010101110100010011111011000
1011011101000111100110000000000110100101011111010010110110110101
0000110010001110001110101101000101010111000010100101011111011100
1011100011011101111000111000000100011101001111100001011011100011
1011001000101111110000110011101011101110111101000111010111101101
0110011111010000011000000001010001111110011101111100101000101100
0000101000110001101111001101001100111010100001101010000001111111
1000101000000011001010111101100110101011100001011101010101100111
1010010100001001010010111100011000111100111110101100011011101110
1111111001110000001110101010111110010001101111110001011111001111
0000110100110011000001101011011101000001100111100001111111000110
1001011010111010000000110001100011101011010100111111110000111001
1000101011000000011101101100101101010110000111010111100011011000
0100010001000100000000010100101101011100000100111000001111100001
0100011000100000011011101011110010110010011011111001100011111100
1111111100011110011101000100100111111001111101101101000001111011
0111110101111010111101011111111111000000010100010110000101000000
0101101110011101110010101011010010011110101010111100100011010010
0111001001010011001010000101101010111111010111111111101101100001
1110110100101100011000001111100110101000111100000100110001110001
1010110000101011110011000000110110000111001111100111001101000111
1011111011100111111001011011100001001011110111001001001110011111
0101110001111101010101111000101100001100011110001111001111110101
0000001000110010010111011000100011000100000111000110000000001111
0110011110001110000011000001001100100100100101001011100101010110
1110000000000011101100100111000011000110101101100110101100101011
0111111111110010110100111110100110100011111011000011000011010010
0000101111100100000001010000100100110000011000010010101000101001
1011110001000100000100110010101011000000001111110100011011011100
1000001100011011100101111100000011000000111011100000001001010100
0111101111111001001111010110111011101010100111101111100011000001
0110000011010000100111110111000001101101110011011101010110101111
1101111100110100101011010110010111100110111100100100010010001000
0011100101101111100111111010110101001111011010000100010111011111
1110001101000100000110010100100000100101101000000001000110000110
0111010110001110100001101001110011100011101001001101101001110101
1000011110100110101110101101001000010010110011100110010110001010
0111010011011111110110100001001011011111010100001010010110100001
