32 50
00111110011101110001001010110111
00010000111001110100111001001111
01111111100101111110011100011010
00000110001011101100010111110111
10111010000101111100001101100001
00110110110111100100010001010001
10011010000010100010100100001000
11110110010111000111010111011110
10000110000010111001101100000101
10000011011101101101100010011001
00111101001101110010111011111001
11101001000001001000001010101111
10110001100011100010000101010110
01100001011100110110010110010001
10001010101111000001111101001000
00000111000001100110000001101110
11110110010001001100001100010011
01111100110010110010001000100010
10011101111011110100000011000011
00001111011010000001001111110000
01001001110001011011101101000100
01001110010101001100110001000101
00101110100111000011110000101110
10000001110110101110111100110111
11111100001001110100000001111101
11110001100111100010101100110011
01110101001110110000111111111100
11110111100110001101100001010110
01000111000100001011101111000101
00101110000001000110100010001100
00000001111011111111110111000011
10000001100100000101110011000110
01100011000111000000101101101111
01011111101010001000000010010011
00101001010110100000101111001010
11011011111111100000011110110110
10100111101100000101101100010011
10101000110101010000111000010001
00110100011000100110010101100111
10101101100100100011110010011111
10110000101110110000101010100111
11111001011011010010110100101011
11010000101000010111100000011111
11010010111100011000101001110100
01101110100001011011001110011110
10011100011011110000110111111101
11110010111000101111111000010010
10001001111010000000000011000111
00111101001110011100000000100110
11100011100010110101001000001010
