128 50
00111110011101110001001010110111000100001110011101001110010011110111111110010111111001110001101000000110001011101100010111110111
10111010000101111100001101100001001101101101111001000100010100011001101000001010001010010000100011110110010111000111010111011110
10000110000010111001101100000101100000110111011011011000100110010011110100110111001011101111100111101001000001001000001010101111
10110001100011100010000101010110011000010111001101100101100100011000101010111100000111110100100000000111000001100110000001101110
11110110010001001100001100010011011111001100101100100010001000101001110111101111010000001100001100001111011010000001001111110000
01001001110001011011101101000100010011100101010011001100010001010010111010011100001111000010111010000001110110101110111100110111
11111100001001110100000001111101111100011001111000101011001100110111010100111011000011111111110011110111100110001101100001010110
01000111000100001011101111000101001011100000010001101000100011000000000111101111111111011100001110000001100100000101110011000110
01100011000111000000101101101111010111111010100010000000100100110010100101011010000010111100101011011011111111100000011110110110
10100111101100000101101100010011101010001101010100001110000100010011010001100010011001010110011110101101100100100011110010011111
10110000101110110000101010100111111110010110110100101101001010111101000010100001011110000001111111010010111100011000101001110100
01101110100001011011001110011110100111000110111100001101111111011111001011100010111111100001001010001001111010000000000011000111
00111101001110011100000000100110111000111000101101010010000010100101011100101001010101011101111101101100110001000000110100010001
00010011011011001110000001011010001110110101100111000111010011000100001111011110000010001110100000010110010100110100010001110011
00110001010101001100110000101100100010101100001011101110001110011111000101111110101001101101010000110010101110100110001110111100
01001101000000011100100010001101000111101110000001100001001001100010001011101011000011101111110111111011000111111110010100101001
01011010101001101110100101001011001100011001000110010000101001101110110011100010011001011010111001110100111100010110000010001000
00111010000100100101011110011010001010000010010001001000011110101011111110001101111101011100110100101011011010111000011010011101
00110111011001010100110000001000000011100100101011001000110101001000001111101110110111011111100111000001001010111011011010101011
01101011111100010010100100101011101001101110001111010101111000111000110010101100011110010011111110100101010000101001101111000001
01000001101000110110101001001101010100001110010010010001110011000001101010011110111100101111000101101001001101110101010101110000
00111100001011111100000100110110110100110101001011111101100110111111001010111000111111110010111111110000000000110000010000110111
10110010100101101001101010011101010110110000010101001110111001100010001110011111101111111010111001011100001111110100110100100001
00110110000100110100010000111100110001000001110000010101100010101000011001110101001000001000001001001001001100111010001010000011
10110100000000010010001101001101101111001001110100010101011101111010010001000001110000101000011100011111100100101101000000011101
01000101100001101100001000001000111101000001010110101100100110111110111110001100001000100000111010101000000011101101100110111011
11011111110011001000000010111000010111010010111101011111100111000100100101101100111011110100001110110000000100000000010010001110
00110111100001100011000000001011101100110101010110100100011010010001011001110000001000111011111101110101010011000001001001001001
10100100101111111001110111000000011110001100011010001001010000000101001101001010000011110011001100010110111101111001101011010001
10110111101110110001100011101000000110111001101100000011000100100100101111011010010001001100010110010000011001000110111110011110
11110000011001010000100111110001001011100001001010000000011001011011101000111101010000001011100101111101000100000000100111110011
00011100000001000110110111101011101010101011101000100111110110001011011101000111100110000000000110100101011111010010110110110101
00001100100011100011101011010001010101110000101001010111110111001011100011011101111000111000000100011101001111100001011011100011
10110010001011111100001100111010111011101111010001110101111011010110011111010000011000000001010001111110011101111100101000101100
00001010001100011011110011010011001110101000011010100000011111111000101000000011001010111101100110101011100001011101010101100111
10100101000010010100101111000110001111001111101011000110111011101111111001110000001110101010111110010001101111110001011111001111
00001101001100110000011010110111010000011001111000011111110001101001011010111010000000110001100011101011010100111111110000111001
10001010110000000111011011001011010101100001110101111000110110000100010001000100000000010100101101011100000100111000001111100001
01000110001000000110111010111100101100100110111110011000111111001111111100011110011101000100100111111001111101101101000001111011
01111101011110101111010111111111110000000101000101100001010000000101101110011101110010101011010010011110101010111100100011010010
01110010010100110010100001011010101111110101111111111011011000011110110100101100011000001111100110101000111100000100110001110001
10101100001010111100110000001101100001110011111001110011010001111011111011100111111001011011100001001011110111001001001110011111
01011100011111010101011110001011000011000111100011110011111101010000001000110010010111011000100011000100000111000110000000001111
01100111100011100000110000010011001001001001010010111001010101101110000000000011101100100111000011000110101101100110101100101011
01111111111100101101001111101001101000111110110000110000110100100000101111100100000001010000100100110000011000010010101000101001
10111100010001000001001100101010110000000011111101000110110111001000001100011011100101111100000011000000111011100000001001010100
01111011111110010011110101101110111010101001111011111000110000010110000011010000100111110111000001101101110011011101010110101111
11011111001101001010110101100101111001101111001001000100100010000011100101101111100111111010110101001111011010000100010111011111
11100011010001000001100101001000001001011010000000010001100001100111010110001110100001101001110011100011101001001101101001110101
10000111101001101011101011010010000100101100111001100101100010100111010011011111110110100001001011011111010100001010010110100001
