192 50
001111100111011100010010101101110001000011100111010011100100111101111111100101111110011100011010000001100010111011000101111101111011101000010111110000110110000100110110110111100100010001010001
100110100000101000101001000010001111011001011100011101011101111010000110000010111001101100000101100000110111011011011000100110010011110100110111001011101111100111101001000001001000001010101111
101100011000111000100001010101100110000101110011011001011001000110001010101111000001111101001000000001110000011001100000011011101111011001000100110000110001001101111100110010110010001000100010
100111011110111101000000110000110000111101101000000100111111000001001001110001011011101101000100010011100101010011001100010001010010111010011100001111000010111010000001110110101110111100110111
111111000010011101000000011111011111000110011110001010110011001101110101001110110000111111111100111101111001100011011000010101100100011100010000101110111100010100101110000001000110100010001100
000000011110111111111101110000111000000110010000010111001100011001100011000111000000101101101111010111111010100010000000100100110010100101011010000010111100101011011011111111100000011110110110
101001111011000001011011000100111010100011010101000011100001000100110100011000100110010101100111101011011001001000111100100111111011000010111011000010101010011111111001011011010010110100101011
110100001010000101111000000111111101001011110001100010100111010001101110100001011011001110011110100111000110111100001101111111011111001011100010111111100001001010001001111010000000000011000111
001111010011100111000000001001101110001110001011010100100000101001010111001010010101010111011111011011001100010000001101000100010001001101101100111000000101101000111011010110011100011101001100
010000111101111000001000111010000001011001010011010001000111001100110001010101001100110000101100100010101100001011101110001110011111000101111110101001101101010000110010101110100110001110111100
010011010000000111001000100011010001111011100000011000010010011000100010111010110000111011111101111110110001111111100101001010010101101010100110111010010100101100110001100100011001000010100110
111011001110001001100101101011100111010011110001011000001000100000111010000100100101011110011010001010000010010001001000011110101011111110001101111101011100110100101011011010111000011010011101
001101110110010101001100000010000000111001001010110010001101010010000011111011101101110111111001110000010010101110110110101010110110101111110001001010010010101110100110111000111101010111100011
100011001010110001111001001111111010010101000010100110111100000101000001101000110110101001001101010100001110010010010001110011000001101010011110111100101111000101101001001101110101010101110000
001111000010111111000001001101101101001101010010111111011001101111110010101110001111111100101111111100000000001100000100001101111011001010010110100110101001110101011011000001010100111011100110
001000111001111110111111101011100101110000111111010011010010000100110110000100110100010000111100110001000001110000010101100010101000011001110101001000001000001001001001001100111010001010000011
101101000000000100100011010011011011110010011101000101010111011110100100010000011100001010000111000111111001001011010000000111010100010110000110110000100000100011110100000101011010110010011011
111011111000110000100010000011101010100000001110110110011011101111011111110011001000000010111000010111010010111101011111100111000100100101101100111011110100001110110000000100000000010010001110
001101111000011000110000000010111011001101010101101001000110100100010110011100000010001110111111011101010100110000010010010010011010010010111111100111011100000001111000110001101000100101000000
010100110100101000001111001100110001011011110111100110101101000110110111101110110001100011101000000110111001101100000011000100100100101111011010010001001100010110010000011001000110111110011110
111100000110010100001001111100010010111000010010100000000110010110111010001111010100000010111001011111010001000000001001111100110001110000000100011011011110101110101010101110100010011111011000
101101110100011110011000000000011010010101111101001011011011010100001100100011100011101011010001010101110000101001010111110111001011100011011101111000111000000100011101001111100001011011100011
101100100010111111000011001110101110111011110100011101011110110101100111110100000110000000010100011111100111011111001010001011000000101000110001101111001101001100111010100001101010000001111111
100010100000001100101011110110011010101110000101110101010110011110100101000010010100101111000110001111001111101011000110111011101111111001110000001110101010111110010001101111110001011111001111
000011010011001100000110101101110100000110011110000111111100011010010110101110100000001100011000111010110101001111111100001110011000101011000000011101101100101101010110000111010111100011011000
010001000100010000000001010010110101110000010011100000111110000101000110001000000110111010111100101100100110111110011000111111001111111100011110011101000100100111111001111101101101000001111011
011111010111101011110101111111111100000001010001011000010100000001011011100111011100101010110100100111101010101111001000110100100111001001010011001010000101101010111111010111111111101101100001
111011010010110001100000111110011010100011110000010011000111000110101100001010111100110000001101100001110011111001110011010001111011111011100111111001011011100001001011110111001001001110011111
010111000111110101010111100010110000110001111000111100111111010100000010001100100101110110001000110001000001110001100000000011110110011110001110000011000001001100100100100101001011100101010110
111000000000001110110010011100001100011010110110011010110010101101111111111100101101001111101001101000111110110000110000110100100000101111100100000001010000100100110000011000010010101000101001
101111000100010000010011001010101100000000111111010001101101110010000011000110111001011111000000110000001110111000000010010101000111101111111001001111010110111011101010100111101111100011000001
011000001101000010011111011100000110110111001101110101011010111111011111001101001010110101100101111001101111001001000100100010000011100101101111100111111010110101001111011010000100010111011111
111000110100010000011001010010000010010110100000000100011000011001110101100011101000011010011100111000111010010011011010011101011000011110100110101110101101001000010010110011100110010110001010
011101001101111111011010000100101101111101010000101001011010000110001100101011010001101100001110111101111101011110001010111110100011110111000010111100011111110100111100000110100011111101001000
000010101001011110011111100011101001001110111100100011011101101011011101010101100100000100011010010101000000010001011101101000100000001001010100111010101001101101111010111110000011000110100101
001101100000110010011100011000000001000111010101111011010000011110111110011111001000100100010011001110000111111111010010100001110110000000010010100100001000100111001111111011010100100101101101
111000000111111100010010100001010110011000100011111010000010101010101101011000110000111010110110111011100001101011101000011000110101100010001110000110100000111001101100011001000001010100000000
100011110111111001101101010010101011001110001111010111010001110111100100000110101001111011000111101111011101101000110100111101001000101100110110010110110111111111001110110000010001111100100100
000001000001000001001000011110100010101111001110011110010010011111100111010000000010011000001110110000000000101110110110010011000111110101100001110001101010101010011001110101000111011010000100
101001100111101000000001000110011110110101000100111110111011101011100001101010101010011000010100101100001101000110110011000110101010010101011101110110001000101100000110101100111101011011100100
110000111110110010000001111101101101000101001111000101110111010101111011110001000010010011010000010011110111111101110010110010010001010000101100001000110100111100000111011011001000101100010111
100100000010100100011101010001010010110110010010000100101101010100000100000011011011110000100111110110101111100101111111000010010100011111000001100011101011010101001000001101101111101111100001
000010001000100101001000001101100100010101111111001111111111110001110100000011000110100101110000010001001100100110110001000101100100101111011110010100011101001100010100101101101101111001011011
011101110100110100100000011011010101011011011010101011110001101011111000111001101011111111101001011010000010001100001111110111000101011000111000101110011001010000111001011100001010110001111111
111110110010101010011100110011010101011010111111001010100110001101011111110110010010100001110001001110001010011000101110111110001001001101011110111111011111010001101100001000011110000110001101
110110000111101100000100011000011100001100011001011010011110011101011010101111011001100110100001101001000011110011111001011110010011001000000010111011101101100101000111111101011011101100001011
011011100000100011001101101100000100010100111101100001011100010110110101100011001011101001101110100110001000101101010111111100010000111001110110000010111100100110100011000100101011110001110000
011100011101100110001110011111110000100001011011111000101001011011000101011011101111101110000100110011001101010001001101100101001010110011010111101010110000110100111010101011111001000001101001
101100101010111011100101101010100000111110111110100110010011001011010111000001110001001111010001100001100011000110100011100111111100010001010010001111110101001100001011100010010001110100011001
011011010100001000001110110101000100100000001111000100001000110110000010001011001110101011110000001000010101010001100111101010010111100001000001000111101000000101010011111111000101101110001101
