192 50
111001101001100000010001101010001110111011100111110111100100000001100101001001001001000001101010101111000010111010001010100110111100010011011110000110110000110100000000011001110001101001010010
110100010000100101011111011011100001001010011100100100100001110110011000001110001010000101100011110010110001000001100011111100010011000011111111011100101000100101010110010110110011111111100101
001001111000010111100000110111100011101000110100100011101010010011111111011010111100000010011111101111010101011010001000000111010111111011000000101101000100011010111110111000100100001100101100
000010110110000100001011011010010110100111110110101110101111000110011000010110100011001011111000011100100001010001000000110101110101001100010110010000011010110110011011101001100010111100111001
111101101101010110101110011000100110111001001100100001110000000001110101111100100111000100101010000100000010100010010100001011111011111001001100110110011011001110001011111100000010101111111111
111111011001111100101011110010010101000011001101101000001111101100100100110001010110011011110011110111001100000110111010110010111000111001011010101000000000010110010010000001110001111010111110
101101001111001101010111110101110111010101001000101001000101010100001011110011000110111110110011000001000011101101001101011110010101101010000011010000010110101000111010110001001111110011010100
010010000111101000011010010110000011000000101011100010000011011000100100100010001011010000000010110001111011110011011110111011110110011111001100110110001101000010110001011101101000000110101010
011001010000111011101010011111111001010111110001011111111100111101111010110001010100111010100111100110000110001111101111101011000100001100101011110010100010011110000110001001111100000111000100
110011111010111010111010010111010011110110100000000011011101100111001111001001101111101110110000111010001100001001010101001110101110111111011110011100100000110110010100101011110000111010011001
101100100011101100100110011100100101001100111110000111010011000010011110101000010001100010001111110001100000011011001010100001100011001100100010101000101010101101010001100100011100111010000111
011101111011100000000010010111001001111010101100000101010101111100101110111111100010010010001010111000010111001001100010101100110011101100101101110011011100001110001010111110111011101100101100
101001101110100111001100100100000010001001000110011101010111111010010011010011101000110100100100101001001000001100110000100000011010011010000101100001011000000010011010000110100000100101000110
111011100101010110101110111101110101100110101110110110100100000000101101000101001111110100011111010110001011100011010111011001100010010110011001101000101101011011000101101100110001100011011110
001000111010100110110011101101010011011110001001011111010000110001001011011111001110100001100111001000001110000001000011010111001100000010000111100000110010100110010100101100110100111001011100
110101011101010110101110001100111100011001110000011101010100010010000000000001011011100100100011110100100100111110001101110110000010011001011001101110001100100101110010110000001100110111111010
011110110000100010001010100000011010101011010100100000111011110110101100001110001010000000101001100001100010101000000101011110001001010111001011011001001011000000100011110000111010011100010010
011010101000000111011000011101000110111100100110111111111000100001110010101010000011000011110011110000100010110000110101111111001101100110111101100110011110011000100100101010011011000101011101
111110110000100100101000010111100110001011100011001001101100000010000001110001000000000001111011001101000001001100110100010101000110101010000011111001001000011111100110110011001111111110010111
000011001001000001100101101110010000110110000000101010101001101100001011000000011000011110101011111010011101000010101010100100010001010010000011011111001110111000110111100101110101111100100100
100010111001001100011110011010001100001110000111001101001000100101110010010000111011111011111001110000110000010101001011001001010111111010101111111100111001100001001101000011111110111011101101
001110101010110100000000110110010000111000111101001100000111110001001110101000001100010011010111100100011111010110111011001100100100011010000010001001000000011010011100000011110100111010011100
001111001111011101000011100010100011000101101011000100011010100011110000011001000010010110101000110000000110110100101110001110110001001010100111111101100100111111010101111111010001011111010100
010001001100010011010111100011111101110100000011010000101000001000111101111110011101001011100110000010101111001100010011001001011011100101100000111110111101011011100101010000100101111100000001
001001011011001000000111000100000100111011000010001011011010010011111010100010111111111111110011100100100001100000000101101000100001100010000001110111101101100001001111011111101010001010101100
110110010011111111000110010100010001100011010101001000000000000001010110011010111000101111100011101111011101101000000001011111110110010101011010101111010110000111010111010010001110001110011110
000010000111111000101011011100011100010110000010110111010011101110100111011001110010001101011101100001001000001001001101011010010011101010010001100111000101010110001011100011101111010101010100
011010101101111101000001111011000100000001011000011101000001110110101101010011110010001101011000111001100000000101010110110100001100010101000110010001100110011111111000100001100110111100100111
100000011101000110001110000000000011000110111011010110000100001001100011001011011101111001110111111011001101101001111111111000110001001000000111111110011010101011111101000101000000110011011000
001100001000011111001001010101010101100000101101000101011000100010100000011101001111100111001101111111100100000101110000001010110100101011100000000000101010111011010010100110100101110101111110
100001111110011000001001011010101001101001110010000001010001000011101011111111110110010111101111000001101010101010000110111011101010111111110100100101110101100100100001000000001001000101111011
101100111101101101110010111110010010000000110001011100111010111001010101001100011110100101010000010100000000110000110000011101010101010011001100111100011010111101010010111010010011011110111001
010010011000001101001110100001101010111110100000101110110101000000110101111000000110011101111010001100100111101101111111100010011100011011110101010101011111100101001100010100011011110011000010
111001100011110110011101100101101101000010111010100111101101110100101010010101100011111010001010011110100111001111101111110111111000100000100110010010101101010100111111001001010110001110000010
000001101010111001111111101101110111000110111001011110111001110101110110101001011101101011010101111011101010101100101110010101011011111100110011011111100111000000101111011001000001001110101010
011011010110110110001001010010101001001101001000111010110001011001100011010100100010100100010110111110101011011010110110010111100100000101010111010111110011101111100010010101100010011101101101
011110011000000010100100001000101001110100001111010010100010111101010110011111110100010111010000011110101100111011010101001100010101010100000101011111110001111010111100101011101111011101100011
001010101110110010100011001000101101011101101100010001001100100100100110001011000010100001000001001010101000101100100111001111110001011101100010111011100001111010101000010111111100000000101101
010110100111001101010110100000000011010101110011100011101110101111100001010010010110000010001111111111010111100110110011011111111111001101011000101010010100000010010111110010110001011000111011
000110010111100010011000110011010000100001110000000100111100111100111101101110001001101010000001011001010110101101000100111110110110110010001111010100110001100001011010101100001011110100100111
001011100011101000111011010111100010111111010111100000101000101111110011011010000001100011011100101101000000011100011001100011111001000000110101000111011111101111100111111011101001110010000001
001111111110011101111011000011001010001011011111101001100101100100100111101010010110011100010101110011111111000000110111110011001110011011011110000001010000100001100101110111010111011110000001
010011110011101010011000111111011101111011111000001001100001010111001110010001100000011111111110000101011001011000001110101110100011100001010111011010010101100110011000001100001011101001001111
100000110000101110101111100100110111100000011100011101111100001011011110100111010000011101101000010111101000010011111111001010100101001011111000001000000110010101000100100100100101110010110010
101000010010100110001001101011000001010111111010011011010110001011101011100011010011110100001100000110010101010100010010101110111011000111001001100110010101101100001101100100011010101111000111
100000001100011100111000001100000011000111000110100110010111000111001111001001011010011000011100101011100011110101111000101100011001100000111101000101110111111011101100101000111101010011010010
111000000101000000000111011101011011001011001001011110100010010011111011101100101010101101001000110011101011101110100111000011001110101011111001110000110110111100110100001010010100010000000111
111000000001100000000001110111111110110100100000010100101010101000000111111111101111101100011000100010011101010001000110101010100111000111010000000001010110010010001110010010110000011000111100
011011010110011000110011110101011001111001111101110010001110101000111011100000010100100101000001100111110011111101110111100010011001111110110001100101001110011000101110111111101001110000010000
011100111110111101000001110111110011110101110110010100100001011000100011011011000001110010001011010000111001101010000010100111101011001010010000000100101100010110010110111110111000110110010110
