256 50
0011111001110111000100101011011100010000111001110100111001001111011111111001011111100111000110100000011000101110110001011111011110111010000101111100001101100001001101101101111001000100010100011001101000001010001010010000100011110110010111000111010111011110
1000011000001011100110110000010110000011011101101101100010011001001111010011011100101110111110011110100100000100100000101010111110110001100011100010000101010110011000010111001101100101100100011000101010111100000111110100100000000111000001100110000001101110
1111011001000100110000110001001101111100110010110010001000100010100111011110111101000000110000110000111101101000000100111111000001001001110001011011101101000100010011100101010011001100010001010010111010011100001111000010111010000001110110101110111100110111
1111110000100111010000000111110111110001100111100010101100110011011101010011101100001111111111001111011110011000110110000101011001000111000100001011101111000101001011100000010001101000100011000000000111101111111111011100001110000001100100000101110011000110
0110001100011100000010110110111101011111101010001000000010010011001010010101101000001011110010101101101111111110000001111011011010100111101100000101101100010011101010001101010100001110000100010011010001100010011001010110011110101101100100100011110010011111
1011000010111011000010101010011111111001011011010010110100101011110100001010000101111000000111111101001011110001100010100111010001101110100001011011001110011110100111000110111100001101111111011111001011100010111111100001001010001001111010000000000011000111
0011110100111001110000000010011011100011100010110101001000001010010101110010100101010101110111110110110011000100000011010001000100010011011011001110000001011010001110110101100111000111010011000100001111011110000010001110100000010110010100110100010001110011
0011000101010100110011000010110010001010110000101110111000111001111100010111111010100110110101000011001010111010011000111011110001001101000000011100100010001101000111101110000001100001001001100010001011101011000011101111110111111011000111111110010100101001
0101101010100110111010010100101100110001100100011001000010100110111011001110001001100101101011100111010011110001011000001000100000111010000100100101011110011010001010000010010001001000011110101011111110001101111101011100110100101011011010111000011010011101
0011011101100101010011000000100000001110010010101100100011010100100000111110111011011101111110011100000100101011101101101010101101101011111100010010100100101011101001101110001111010101111000111000110010101100011110010011111110100101010000101001101111000001
0100000110100011011010100100110101010000111001001001000111001100000110101001111011110010111100010110100100110111010101010111000000111100001011111100000100110110110100110101001011111101100110111111001010111000111111110010111111110000000000110000010000110111
1011001010010110100110101001110101011011000001010100111011100110001000111001111110111111101011100101110000111111010011010010000100110110000100110100010000111100110001000001110000010101100010101000011001110101001000001000001001001001001100111010001010000011
1011010000000001001000110100110110111100100111010001010101110111101001000100000111000010100001110001111110010010110100000001110101000101100001101100001000001000111101000001010110101100100110111110111110001100001000100000111010101000000011101101100110111011
1101111111001100100000001011100001011101001011110101111110011100010010010110110011101111010000111011000000010000000001001000111000110111100001100011000000001011101100110101010110100100011010010001011001110000001000111011111101110101010011000001001001001001
1010010010111111100111011100000001111000110001101000100101000000010100110100101000001111001100110001011011110111100110101101000110110111101110110001100011101000000110111001101100000011000100100100101111011010010001001100010110010000011001000110111110011110
1111000001100101000010011111000100101110000100101000000001100101101110100011110101000000101110010111110100010000000010011111001100011100000001000110110111101011101010101011101000100111110110001011011101000111100110000000000110100101011111010010110110110101
0000110010001110001110101101000101010111000010100101011111011100101110001101110111100011100000010001110100111110000101101110001110110010001011111100001100111010111011101111010001110101111011010110011111010000011000000001010001111110011101111100101000101100
0000101000110001101111001101001100111010100001101010000001111111100010100000001100101011110110011010101110000101110101010110011110100101000010010100101111000110001111001111101011000110111011101111111001110000001110101010111110010001101111110001011111001111
0000110100110011000001101011011101000001100111100001111111000110100101101011101000000011000110001110101101010011111111000011100110001010110000000111011011001011010101100001110101111000110110000100010001000100000000010100101101011100000100111000001111100001
0100011000100000011011101011110010110010011011111001100011111100111111110001111001110100010010011111100111110110110100000111101101111101011110101111010111111111110000000101000101100001010000000101101110011101110010101011010010011110101010111100100011010010
0111001001010011001010000101101010111111010111111111101101100001111011010010110001100000111110011010100011110000010011000111000110101100001010111100110000001101100001110011111001110011010001111011111011100111111001011011100001001011110111001001001110011111
0101110001111101010101111000101100001100011110001111001111110101000000100011001001011101100010001100010000011100011000000000111101100111100011100000110000010011001001001001010010111001010101101110000000000011101100100111000011000110101101100110101100101011
0111111111110010110100111110100110100011111011000011000011010010000010111110010000000101000010010011000001100001001010100010100110111100010001000001001100101010110000000011111101000110110111001000001100011011100101111100000011000000111011100000001001010100
0111101111111001001111010110111011101010100111101111100011000001011000001101000010011111011100000110110111001101110101011010111111011111001101001010110101100101111001101111001001000100100010000011100101101111100111111010110101001111011010000100010111011111
1110001101000100000110010100100000100101101000000001000110000110011101011000111010000110100111001110001110100100110110100111010110000111101001101011101011010010000100101100111001100101100010100111010011011111110110100001001011011111010100001010010110100001
1000110010101101000110110000111011110111110101111000101011111010001111011100001011110001111111010011110000011010001111110100100000001010100101111001111110001110100100111011110010001101110110101101110101010110010000010001101001010100000001000101110110100010
0000001001010100111010101001101101111010111110000011000110100101001101100000110010011100011000000001000111010101111011010000011110111110011111001000100100010011001110000111111111010010100001110110000000010010100100001000100111001111111011010100100101101101
1110000001111111000100101000010101100110001000111110100000101010101011010110001100001110101101101110111000011010111010000110001101011000100011100001101000001110011011000110010000010101000000001000111101111110011011010100101010110011100011110101110100011101
1110010000011010100111101100011110111101110110100011010011110100100010110011011001011011011111111100111011000001000111110010010000000100000100000100100001111010001010111100111001111001001001111110011101000000001001100000111011000000000010111011011001001100
0111110101100001110001101010101010011001110101000111011010000100101001100111101000000001000110011110110101000100111110111011101011100001101010101010011000010100101100001101000110110011000110101010010101011101110110001000101100000110101100111101011011100100
1100001111101100100000011111011011010001010011110001011101110101011110111100010000100100110100000100111101111111011100101100100100010100001011000010001101001111000001110110110010001011000101111001000000101001000111010100010100101101100100100001001011010101
0000010000001101101111000010011111011010111110010111111100001001010001111100000110001110101101010100100000110110111110111110000100001000100010010100100000110110010001010111111100111111111111000111010000001100011010010111000001000100110010011011000100010110
0100101111011110010100011101001100010100101101101101111001011011011101110100110100100000011011010101011011011010101011110001101011111000111001101011111111101001011010000010001100001111110111000101011000111000101110011001010000111001011100001010110001111111
1111101100101010100111001100110101010110101111110010101001100011010111111101100100101000011100010011100010100110001011101111100010010011010111101111110111110100011011000010000111100001100011011101100001111011000001000110000111000011000110010110100111100111
0101101010111101100110011010000110100100001111001111100101111001001100100000001011101110110110010100011111110101101110110000101101101110000010001100110110110000010001010011110110000101110001011011010110001100101110100110111010011000100010110101011111110001
0000111001110110000010111100100110100011000100101011110001110000011100011101100110001110011111110000100001011011111000101001011011000101011011101111101110000100110011001101010001001101100101001010110011010111101010110000110100111010101011111001000001101001
1011001010101110111001011010101000001111101111101001100100110010110101110000011100010011110100011000011000110001101000111001111111000100010100100011111101010011000010111000100100011101000110010110110101000010000011101101010001001000000011110001000010001101
1000001000101100111010101111000000100001010101000110011110101001011110000100000100011110100000010101001111111100010110111000110111100110100110000001000110101000111011101110011111011110010000000110010100100100100100000110101010111100001011101000101010011011
1100010011011110000110110000110100000000011001110001101001010010110100010000100101011111011011100001001010011100100100100001110110011000001110001010000101100011110010110001000001100011111100010011000011111111011100101000100101010110010110110011111111100101
0010011110000101111000001101111000111010001101001000111010100100111111110110101111000000100111111011110101010110100010000001110101111110110000001011010001000110101111101110001001000011001011000000101101100001000010110110100101101001111101101011101011110001
1001100001011010001100101111100001110010000101000100000011010111010100110001011001000001101011011001101110100110001011110011100111110110110101011010111001100010011011100100110010000111000000000111010111110010011100010010101000010000001010001001010000101111
1011111001001100110110011011001110001011111100000010101111111111111111011001111100101011110010010101000011001101101000001111101100100100110001010110011011110011110111001100000110111010110010111000111001011010101000000000010110010010000001110001111010111110
1011010011110011010101111101011101110101010010001010010001010101000010111100110001101111101100110000010000111011010011010111100101011010100000110100000101101010001110101100010011111100110101000100100001111010000110100101100000110000001010111000100000110110
0010010010001000101101000000001011000111101111001101111011101111011001111100110011011000110100001011000101110110100000011010101001100101000011101110101001111111100101011111000101111111110011110111101011000101010011101010011110011000011000111110111110101100
0100001100101011110010100010011110000110001001111100000111000100110011111010111010111010010111010011110110100000000011011101100111001111001001101111101110110000111010001100001001010101001110101110111111011110011100100000110110010100101011110000111010011001
1011001000111011001001100111001001010011001111100001110100110000100111101010000100011000100011111100011000000110110010101000011000110011001000101010001010101011010100011001000111001110100001110111011110111000000000100101110010011110101011000001010101011111
0010111011111110001001001000101011100001011100100110001010110011001110110010110111001101110000111000101011111011101110110010110010100110111010011100110010010000001000100100011001110101011111101001001101001110100011010010010010100100100000110011000010000001
1010011010000101100001011000000010011010000110100000100101000110111011100101010110101110111101110101100110101110110110100100000000101101000101001111110100011111010110001011100011010111011001100010010110011001101000101101011011000101101100110001100011011110
0010001110101001101100111011010100110111100010010111110100001100010010110111110011101000011001110010000011100000010000110101110011000000100001111000001100101001100101001011001101001110010111001101010111010101101011100011001111000110011100000111010101000100
1000000000000101101110010010001111010010010011111000110111011000001001100101100110111000110010010111001011000000110011011111101001111011000010001000101010000001101010101101010010000011101111011010110000111000101000000010100110000110001010100000010101111000
