128 50
10001100101011010001101100001110111101111101011110001010111110100011110111000010111100011111110100111100000110100011111101001000
00001010100101111001111110001110100100111011110010001101110110101101110101010110010000010001101001010100000001000101110110100010
00000010010101001110101010011011011110101111100000110001101001010011011000001100100111000110000000010001110101011110110100000111
10111110011111001000100100010011001110000111111111010010100001110110000000010010100100001000100111001111111011010100100101101101
11100000011111110001001010000101011001100010001111101000001010101010110101100011000011101011011011101110000110101110100001100011
01011000100011100001101000001110011011000110010000010101000000001000111101111110011011010100101010110011100011110101110100011101
11100100000110101001111011000111101111011101101000110100111101001000101100110110010110110111111111001110110000010001111100100100
00000100000100000100100001111010001010111100111001111001001001111110011101000000001001100000111011000000000010111011011001001100
01111101011000011100011010101010100110011101010001110110100001001010011001111010000000010001100111101101010001001111101110111010
11100001101010101010011000010100101100001101000110110011000110101010010101011101110110001000101100000110101100111101011011100100
11000011111011001000000111110110110100010100111100010111011101010111101111000100001001001101000001001111011111110111001011001001
00010100001011000010001101001111000001110110110010001011000101111001000000101001000111010100010100101101100100100001001011010101
00000100000011011011110000100111110110101111100101111111000010010100011111000001100011101011010101001000001101101111101111100001
00001000100010010100100000110110010001010111111100111111111111000111010000001100011010010111000001000100110010011011000100010110
01001011110111100101000111010011000101001011011011011110010110110111011101001101001000000110110101010110110110101010111100011010
11111000111001101011111111101001011010000010001100001111110111000101011000111000101110011001010000111001011100001010110001111111
11111011001010101001110011001101010101101011111100101010011000110101111111011001001010000111000100111000101001100010111011111000
10010011010111101111110111110100011011000010000111100001100011011101100001111011000001000110000111000011000110010110100111100111
01011010101111011001100110100001101001000011110011111001011110010011001000000010111011101101100101000111111101011011101100001011
01101110000010001100110110110000010001010011110110000101110001011011010110001100101110100110111010011000100010110101011111110001
00001110011101100000101111001001101000110001001010111100011100000111000111011001100011100111111100001000010110111110001010010110
11000101011011101111101110000100110011001101010001001101100101001010110011010111101010110000110100111010101011111001000001101001
10110010101011101110010110101010000011111011111010011001001100101101011100000111000100111101000110000110001100011010001110011111
11000100010100100011111101010011000010111000100100011101000110010110110101000010000011101101010001001000000011110001000010001101
10000010001011001110101011110000001000010101010001100111101010010111100001000001000111101000000101010011111111000101101110001101
11100110100110000001000110101000111011101110011111011110010000000110010100100100100100000110101010111100001011101000101010011011
11000100110111100001101100001101000000000110011100011010010100101101000100001001010111110110111000010010100111001001001000011101
10011000001110001010000101100011110010110001000001100011111100010011000011111111011100101000100101010110010110110011111111100101
00100111100001011110000011011110001110100011010010001110101001001111111101101011110000001001111110111101010101101000100000011101
01111110110000001011010001000110101111101110001001000011001011000000101101100001000010110110100101101001111101101011101011110001
10011000010110100011001011111000011100100001010001000000110101110101001100010110010000011010110110011011101001100010111100111001
11110110110101011010111001100010011011100100110010000111000000000111010111110010011100010010101000010000001010001001010000101111
10111110010011001101100110110011100010111111000000101011111111111111110110011111001010111100100101010000110011011010000011111011
00100100110001010110011011110011110111001100000110111010110010111000111001011010101000000000010110010010000001110001111010111110
10110100111100110101011111010111011101010100100010100100010101010000101111001100011011111011001100000100001110110100110101111001
01011010100000110100000101101010001110101100010011111100110101000100100001111010000110100101100000110000001010111000100000110110
00100100100010001011010000000010110001111011110011011110111011110110011111001100110110001101000010110001011101101000000110101010
01100101000011101110101001111111100101011111000101111111110011110111101011000101010011101010011110011000011000111110111110101100
01000011001010111100101000100111100001100010011111000001110001001100111110101110101110100101110100111101101000000000110111011001
11001111001001101111101110110000111010001100001001010101001110101110111111011110011100100000110110010100101011110000111010011001
10110010001110110010011001110010010100110011111000011101001100001001111010100001000110001000111111000110000001101100101010000110
00110011001000101010001010101011010100011001000111001110100001110111011110111000000000100101110010011110101011000001010101011111
00101110111111100010010010001010111000010111001001100010101100110011101100101101110011011100001110001010111110111011101100101100
10100110111010011100110010010000001000100100011001110101011111101001001101001110100011010010010010100100100000110011000010000001
10100110100001011000010110000000100110100001101000001001010001101110111001010101101011101111011101011001101011101101101001000000
00101101000101001111110100011111010110001011100011010111011001100010010110011001101000101101011011000101101100110001100011011110
00100011101010011011001110110101001101111000100101111101000011000100101101111100111010000110011100100000111000000100001101011100
11000000100001111000001100101001100101001011001101001110010111001101010111010101101011100011001111000110011100000111010101000100
10000000000001011011100100100011110100100100111110001101110110000010011001011001101110001100100101110010110000001100110111111010
01111011000010001000101010000001101010101101010010000011101111011010110000111000101000000010100110000110001010100000010101111000
